2000
1450 1099
741 368
469 1969
123 890
526 1064
1745 975
239 634
1529 879
926 1480
1263 1723
625 1114
651 1544
379 1962
243 1762
304 1364
771 1306
1525 1231
38 379
1957 892
602 1313
250 638
1945 1409
77 46
614 1141
1110 1143
1189 171
1674 455
917 565
632 1698
1592 199
145 109
86 333
1711 1332
1296 1079
1850 1011
768 1586
1413 1822
1264 1112
1971 311
946 643
95 1158
1268 1684
339 1231
768 14
1255 1025
968 781
1750 123
432 66
1006 1481
745 1185
1860 1234
692 1994
1458 1409
1847 21
1321 1071
1667 329
245 880
281 617
1912 1851
517 1104
733 1773
1973 1460
1429 1295
32 1199
1318 656
1559 1999
513 1400
885 895
812 1297
87 1544
494 1758
932 723
872 1117
1846 1781
546 1641
455 136
1993 158
324 775
983 1826
1136 501
1316 1525
528 1783
1434 1951
183 1626
47 1323
958 1881
95 991
766 378
1009 182
171 751
124 409
1367 750
1626 1758
1978 1262
1335 478
875 1842
1917 509
1884 790
1337 537
1078 177
1907 422
1406 642
583 260
479 1691
263 1623
1688 1363
1015 507
1416 1443
270 558
1380 371
321 1685
839 305
1038 716
1048 1892
1581 1772
1701 12
1575 357
1602 1824
1146 1020
709 473
62 636
1017 1927
939 31
1850 176
303 119
832 1692
1710 1141
1410 552
124 1802
578 1002
399 1386
1935 1772
652 731
535 1296
736 964
25 1789
695 452
1713 995
70 570
675 332
1687 100
1511 1336
564 411
723 294
672 885
17 459
268 581
478 931
202 1316
619 1601
319 1926
725 1432
1093 1170
851 1590
702 816
850 751
1118 376
403 1286
816 1275
1162 1019
1860 1739
1377 1992
1627 1573
1805 1976
1145 1110
1112 64
686 441
1472 1459
986 1008
1094 807
1478 438
387 1190
780 1703
1661 190
943 863
210 977
1452 523
1478 1225
1499 648
533 199
639 1047
1952 264
1112 810
931 921
629 731
1174 1978
157 1143
931 1633
1782 666
576 612
147 36
1735 811
1487 618
1225 1247
279 349
1902 842
223 936
1518 688
1973 718
1041 1046
1907 1227
1900 1392
78 1391
1536 1925
1772 1576
1969 1993
1501 983
1153 885
411 962
1935 770
310 1885
68 457
1655 881
839 1262
508 661
3 1990
1082 840
1282 1585
1157 648
641 22
1349 1920
1158 879
1709 327
762 1847
1569 1398
1205 93
810 1133
1963 1226
479 854
460 1728
1156 588
262 1159
1160 263
657 287
570 1493
771 1761
844 1294
1307 1136
564 115
40 1565
394 173
753 1989
1650 1870
1085 698
343 1489
561 362
862 457
827 1354
1192 380
949 1309
1815 625
1534 690
395 128
14 706
1881 1828
254 1597
611 832
572 323
1528 1269
1636 1631
536 184
1941 1229
1262 995
1347 266
1910 1087
1245 520
1398 787
1063 491
1990 310
102 445
1425 867
862 1039
1671 246
428 1508
288 803
1666 1162
1853 927
1552 1177
164 1780
733 467
676 1637
1812 947
1557 1112
47 1859
912 1721
364 1826
1139 1374
717 859
1108 1373
776 827
1725 1087
790 17
1304 1887
1710 820
735 1640
431 174
1553 954
576 104
862 932
365 654
922 1991
1991 1829
709 1918
1363 69
1634 418
225 1901
1872 801
1702 1592
1250 797
1163 230
750 1389
712 1041
200 1008
1315 571
1916 1402
1929 440
1129 1558
126 1898
1967 1737
1221 409
1579 1917
245 189
771 522
1554 578
1356 1565
796 1480
489 690
1647 1927
183 102
1617 48
1680 1836
746 419
1001 765
445 502
767 441
619 102
1759 1611
1246 713
1206 1611
1845 897
68 1691
558 75
353 511
1278 824
1827 506
1317 1599
1203 827
26 1205
807 1558
337 910
1101 846
546 1480
951 1780
1611 949
516 262
1365 1461
1221 300
454 837
216 1906
177 227
262 1517
1929 156
1297 1
821 1212
279 663
1637 337
1965 1360
859 192
1478 574
490 1256
1407 1414
520 1086
1234 1259
1489 724
1222 54
516 1345
90 424
580 1648
1974 146
1890 1810
634 1999
1830 836
1263 205
1073 437
1142 110
1241 1300
876 764
894 867
1148 1083
916 482
493 1034
581 95
539 1230
723 391
556 649
1811 1669
79 1587
1229 684
740 1863
1405 1832
1766 1644
1227 118
972 1030
1303 1266
1240 803
1842 1665
1105 464
1262 20
335 851
227 2
1666 440
1248 1816
1247 1967
366 995
1404 273
432 1344
1096 513
1740 1808
1631 1350
1271 1510
420 132
94 658
1054 848
1642 1627
202 1213
1994 1376
641 7
1275 925
534 861
1914 872
1812 269
1552 1682
1479 452
1241 1552
858 1663
1651 1605
1313 71
621 707
178 311
1372 607
100 60
1987 1124
1454 1970
1868 912
1541 1456
768 1900
1391 1329
675 574
772 1272
775 1569
30 424
140 700
1649 202
932 572
1314 808
1814 150
263 1319
1058 649
1174 1471
1796 18
151 1182
1247 793
546 1137
383 1072
406 1670
970 1833
18 779
1548 688
900 657
1836 1512
775 1639
291 256
1435 629
1399 892
1897 794
722 1917
536 841
521 1411
809 1962
688 1704
738 703
290 352
1243 872
150 118
659 304
1158 1048
1796 184
476 1637
254 681
230 1137
1686 643
518 427
214 439
331 265
1161 230
904 1217
1510 1795
1471 255
494 532
1630 676
1630 1157
1061 1882
665 607
1892 992
1173 929
1099 1160
410 1479
449 1299
671 669
819 1822
809 734
323 1240
1657 66
1397 344
872 1065
890 1481
1409 964
1554 267
1257 1755
1061 537
887 374
180 1355
1745 1192
811 264
640 17
976 1142
327 765
543 1093
362 1899
811 1257
597 937
1478 829
158 336
1382 1596
1362 1141
515 1954
1756 1388
1201 1376
69 238
1597 1985
112 420
1386 1701
667 1074
297 1606
1654 1127
698 1181
639 1844
1001 584
313 1863
1514 737
444 386
1181 1744
1908 963
706 1335
1573 631
1212 247
1302 1544
1889 1876
1016 367
532 1707
1122 1998
1271 772
785 1624
309 399
1910 1313
1207 676
211 1361
450 1931
1658 975
384 678
631 1582
513 1686
1761 1292
1393 1381
728 822
1469 965
1748 70
1509 1937
753 374
197 398
570 1153
213 1303
1146 527
9 1503
1429 1049
284 72
1495 821
1276 887
1916 1217
1990 723
1623 74
1854 1736
869 1286
978 1389
1252 1426
748 1958
574 1090
1845 1145
1794 277
1634 1114
301 38
76 1115
1982 1267
1684 1467
1195 268
660 446
1311 311
987 736
1831 42
1750 1089
1095 584
968 378
1012 1915
13 1823
1105 639
1201 1159
348 994
1405 716
1014 250
1488 1696
1741 1386
74 741
838 1479
633 1688
792 837
1634 533
92 935
1043 1533
115 1456
731 1233
588 650
113 365
954 486
1019 1842
1915 1063
1577 1226
200 1339
1703 895
1979 1001
1114 1744
712 858
40 565
966 1104
116 68
1708 1477
1626 664
205 1042
643 1793
780 412
727 1431
1115 1432
765 1221
455 966
1825 795
1235 410
1361 735
1917 92
1142 1173
763 1111
425 1328
238 1118
278 977
958 1837
195 1587
783 1979
533 571
868 1892
1319 224
303 924
1133 494
1157 1547
339 189
1584 1532
786 1348
1576 1359
1754 714
1797 1729
498 388
1717 1350
1722 1848
550 631
1025 1778
584 1297
396 1363
207 151
1600 1120
1589 567
1767 554
54 1710
1975 1843
89 1962
1684 1015
1943 1166
1090 621
1512 1628
27 1610
809 1407
1617 103
888 461
1151 575
1910 1881
1580 44
1270 361
1276 899
1393 1958
1136 970
717 1772
696 729
1589 1113
1478 665
1552 438
1783 776
322 619
1847 118
1852 1663
1364 979
1083 783
760 229
99 1675
1576 649
1634 1990
1247 873
1502 301
1982 1895
89 290
1463 1901
934 1949
1831 1264
1770 1052
1012 1089
1622 1248
896 1259
1432 1179
1957 1329
114 1404
801 776
1220 1549
1675 979
1482 881
1987 1666
1693 1219
1402 1643
1308 639
1023 294
314 1737
139 809
304 1687
456 1927
980 720
779 552
388 1500
1060 629
601 1091
1399 729
1962 1442
487 1956
149 526
22 922
764 1219
574 1321
1548 1794
546 439
846 1419
1831 1677
1905 645
86 1369
1955 1786
564 1409
459 1398
361 1808
1022 678
638 1239
85 346
1147 1160
1904 1537
1316 865
1745 1692
675 74
203 60
951 276
1955 539
147 109
1588 1025
332 348
1264 393
661 343
329 156
989 308
672 328
1901 1383
895 939
934 1028
205 944
1508 1252
1732 761
816 1743
500 1617
1636 1746
1924 1900
373 364
837 1144
1307 1544
1065 206
738 382
1992 770
1337 1768
1956 84
1863 157
48 477
1872 910
1326 1768
253 288
705 76
346 1157
1627 1265
970 694
1827 182
1658 1290
1027 370
686 208
1111 1108
1165 376
763 1628
851 1714
1344 715
557 782
1531 1410
683 1217
10 1765
330 1494
1298 1327
791 179
1857 106
1363 813
935 482
1310 662
1123 321
1040 1006
1423 1672
388 1272
1862 979
701 781
1618 382
994 27
970 198
1145 99
1116 439
378 1992
1830 1277
1428 1717
935 1405
1798 895
497 1279
1013 1292
1352 858
526 692
237 1913
1418 1100
1438 1341
1976 66
1607 1508
1175 1077
1117 487
1741 618
1117 908
122 1655
43 1375
1189 1343
1400 188
61 1729
603 1979
1791 1484
704 1456
1581 758
1937 920
158 1656
1514 467
604 1910
1229 1389
1608 1298
1220 463
1417 1965
1933 707
968 963
583 281
1843 1854
79 599
1300 578
1307 138
1770 815
888 1462
552 799
426 1760
312 1057
286 377
516 421
144 742
1143 254
268 243
238 1376
736 1391
480 191
9 273
715 699
120 120
1761 1069
858 1686
210 1584
378 127
1497 1747
1909 865
662 1407
8 712
742 906
1505 1160
268 205
857 1921
1228 1154
1892 1455
548 319
1712 581
910 576
1434 126
871 857
1755 1156
409 659
876 710
1513 107
42 850
936 624
182 1625
466 414
623 1279
320 747
366 433
690 976
1851 1
1714 430
414 1425
1907 1748
198 425
1290 909
1230 381
197 318
1443 1088
89 1957
853 1299
989 353
842 604
949 367
1674 1094
717 981
229 379
686 215
899 130
1926 176
296 1158
658 409
1696 754
667 981
179 1767
1372 1221
773 1733
1389 1811
62 1999
1850 722
476 1208
315 514
1586 468
603 1223
336 1602
873 1222
293 136
347 1975
1346 1815
951 163
709 1975
294 1441
875 1508
1402 42
1046 512
1088 161
1100 1907
969 1995
1580 1957
1322 276
448 452
1742 122
881 1448
334 1432
635 1490
686 83
1843 169
1570 1051
1433 1357
1331 218
727 639
1408 1394
539 1855
1465 1029
1952 67
693 735
819 1271
1701 1779
916 1254
1136 1201
13 1262
132 1925
103 346
250 1114
1108 1638
519 996
375 263
428 767
348 1365
734 429
86 799
984 712
357 1894
1266 1048
1629 1903
1507 1790
1722 1092
1422 1441
208 724
444 351
1350 747
1402 1345
47 1320
335 1041
1779 1759
561 598
344 1690
278 1735
947 12
336 236
721 169
1662 1188
928 1463
613 85
1556 41
338 495
872 1161
695 569
1419 1034
71 1769
745 49
1391 1701
1871 1085
422 556
1507 1655
749 347
1595 1636
672 1144
543 1219
1425 1722
579 470
728 1836
1787 1509
559 279
855 1749
713 1569
316 1
309 1219
1876 1485
896 309
1291 323
1956 513
1821 1711
961 1592
532 1491
879 170
148 744
775 134
1945 595
1535 246
983 1452
437 30
1405 384
1948 1509
142 146
1656 1274
1654 417
1112 1701
1497 1208
526 959
728 1679
1346 452
52 701
636 280
486 589
368 31
284 1934
1225 1702
495 730
1373 829
347 642
662 912
1585 978
975 929
579 721
1 379
1268 1681
863 1476
1314 81
1663 1773
247 1420
1891 1793
1271 1925
1708 455
405 1643
1782 1619
43 644
986 1743
1548 1320
1547 991
640 1056
1753 1868
1541 683
1988 1545
1079 973
1446 1090
81 931
476 318
567 180
1666 893
1078 1184
648 1350
98 829
918 1815
99 1106
1538 231
354 930
919 1066
1801 1031
1910 1435
406 126
128 1223
868 58
802 840
446 322
863 1119
1905 1531
507 1554
1348 825
236 1301
419 1323
437 701
1553 1899
1274 1496
831 292
595 1441
1476 1128
1303 89
1952 944
1245 552
1624 318
1437 953
793 919
1984 922
379 133
1103 1266
584 1900
1044 42
158 1335
1514 1160
2 13
493 1329
150 229
991 370
1911 1674
1138 313
324 1946
1464 1895
438 379
882 346
566 1083
54 1353
414 641
110 1889
869 1184
310 1039
1685 1
1777 447
1987 1888
1775 423
421 1929
1090 1298
1467 503
4 1950
596 1008
1868 882
711 1051
1253 592
984 0
669 469
1258 701
245 1951
1119 948
1462 1103
122 1156
52 1161
369 172
692 1189
535 632
978 411
900 1542
1359 1722
328 1867
1623 1699
31 648
1216 368
1689 1544
1180 1128
844 241
1275 1213
1987 655
1444 824
1939 475
1782 203
1090 227
388 1042
951 786
841 962
1950 761
1326 764
1745 1628
988 364
69 212
318 853
300 558
1420 1735
204 729
1302 1296
596 1630
134 1154
1292 473
875 151
635 1026
763 1636
1143 515
276 1278
676 1283
463 15
1112 520
1456 98
1024 1834
1877 175
1888 108
1246 929
122 1241
382 1433
1202 98
1010 488
1808 187
758 354
1344 1909
620 1194
1473 242
694 847
686 1042
483 995
1221 1199
1662 1743
526 1590
313 1751
96 905
1492 342
921 1360
1247 1285
1238 1749
101 973
105 204
699 78
670 926
1123 17
1037 1330
322 1306
504 1608
1436 1856
1665 740
940 778
1318 85
63 1596
1038 68
1324 1051
1557 277
306 1877
1319 1941
1462 209
779 1707
775 1718
1513 470
1039 1267
506 298
1570 1242
118 419
1491 1319
1527 1900
1992 1763
193 771
1248 244
1758 1829
275 1190
1062 1226
1481 1378
853 738
1769 1556
1011 530
1591 993
34 1616
1127 1273
177 296
981 1336
582 202
956 294
524 927
146 458
615 459
1853 1704
665 758
195 896
297 1548
769 609
1983 400
971 754
1814 1064
1777 1878
765 1703
1125 1869
245 0
1758 1445
1945 1905
756 256
355 765
873 497
682 1353
781 1496
1267 1967
1376 879
1561 1524
1944 1794
673 1744
99 1902
1968 520
518 215
1261 566
73 789
1951 45
561 1324
516 899
1223 512
1154 1710
150 1758
1919 161
337 1438
916 1185
335 258
1989 1859
1002 761
508 886
890 137
1098 498
435 636
1097 610
171 544
564 1213
1031 733
285 682
839 1540
737 121
881 706
1281 1572
1318 811
714 1073
1857 997
1155 1777
1365 1728
436 1063
909 1989
445 1114
326 1651
118 1974
1581 302
1722 20
1245 1362
773 1523
782 182
938 1698
162 1111
1133 58
1914 1807
559 1011
1366 1695
1451 1430
1885 590
867 1233
570 1776
124 1858
929 1356
586 712
294 231
1724 185
1891 1684
1088 440
1448 37
1826 138
1486 719
1494 1349
181 1849
686 519
16 198
1991 614
851 1942
1205 623
1858 1759
1362 1311
1464 1539
183 1437
1747 1256
1616 410
1953 874
354 553
1825 769
1322 63
1390 100
1749 1061
299 106
1422 1734
454 709
1515 403
1650 421
81 338
1739 1450
817 1991
1476 1153
1287 1128
1027 489
1274 951
1167 1292
469 215
1622 189
950 283
214 21
1669 833
1142 566
1286 1554
1496 1317
1915 178
961 1190
918 1495
1071 754
1053 715
1432 306
629 983
277 1794
670 1138
798 1229
441 761
61 1526
1031 1064
795 1535
835 1939
936 1914
1464 315
1009 548
335 1768
328 203
1389 1488
1528 413
1538 208
1482 385
1723 208
1838 1792
1167 1378
1246 585
1154 1416
846 579
1165 110
1211 647
56 1791
433 1014
338 1743
1556 1920
1193 1925
262 128
1954 562
358 1202
1176 434
541 1923
1110 984
1821 1802
146 404
774 739
1670 1897
1323 949
638 973
1571 242
478 517
1562 494
1797 1756
1280 1522
300 1684
272 169
1492 750
864 702
1769 722
225 1082
330 1959
693 963
1444 122
1931 382
883 1448
1831 1563
711 985
1660 1127
1960 865
1375 1752
464 1999
1829 874
1580 72
102 1206
1556 1679
393 877
1710 714
916 1242
1211 1374
176 732
1405 975
680 720
198 1845
1549 1477
1296 380
653 202
816 1185
996 327
966 198
1318 1590
847 362
992 1264
611 1377
424 696
120 168
697 467
524 324
317 508
1068 964
415 900
1991 1510
1927 1058
1568 1908
782 1709
1019 1593
1821 1177
1451 645
120 788
589 1879
816 1160
1635 1161
2 1661
1542 71
1559 645
1238 1350
188 1662
1130 1754
731 1435
1238 1668
1968 543
665 26
1966 1249
485 1261
1410 683
1168 747
1419 916
1198 640
793 1540
555 1910
1580 1391
1043 1414
1005 1968
1057 1396
287 453
225 561
1567 107
1063 741
1471 1957
1594 1940
1854 1834
593 1068
1292 1583
1567 631
671 1503
475 1079
1427 1370
176 816
1002 1335
1288 761
820 1387
372 393
1214 247
1382 68
352 1741
693 405
1605 778
205 804
1988 1903
353 30
461 1309
715 464
1630 595
1454 136
502 1015
608 1761
127 32
1496 1148
1056 206
697 1323
1688 419
90 1331
1732 255
752 202
990 32
460 1669
1979 1472
373 828
631 1545
1490 824
1776 1874
886 309
1276 1928
136 1467
1509 67
0 1067
185 1160
1612 1672
1059 1972
1088 618
150 1815
1139 1603
1442 1420
1004 1077
7 962
1890 760
350 507
508 1507
247 478
731 1693
1202 1247
302 1033
1663 648
526 1488
849 1174
1172 325
1361 1926
30 1622
1007 1862
1030 1245
1910 1741
1482 1637
1162 214
637 1133
1861 384
1538 1596
1383 390
191 802
1511 1779
1700 1608
1764 786
954 479
1725 1082
762 1295
1922 1881
499 1284
1635 1774
1479 964
65 163
1239 1987
1248 1187
1347 1580
786 657
1642 0
1268 1715
19 1645
1935 727
1204 1872
1934 1480
561 227
783 729
993 1674
1384 1349
530 1193
1938 967
873 1492
199 493
1581 1906
513 516
512 1430
110 987
809 571
399 617
1393 261
1320 1243
1295 984
1760 1867
465 117
1662 231
1702 863
273 1771
539 1778
1001 1774
1276 1006
1047 811
527 1006
1652 236
1352 102
255 206
56 1833
813 1407
1915 844
143 1136
399 1264
1296 1255
391 831
1051 1584
1029 911
1238 994
1725 714
783 1218
1234 1187
464 1518
453 981
596 1874
1616 364
157 141
403 740
1387 488
885 1853
886 555
950 269
1437 814
1904 1602
1636 1144
1802 577
1155 189
1654 1703
1122 841
309 232
979 1454
985 1576
1536 825
741 136
1634 354
1591 865
1916 1898
1978 1497
1701 1300
1350 1
530 1247
582 597
1216 287
274 1340
1431 646
1621 1872
1074 1587
1725 968
485 1696
1633 478
1211 1223
102 537
963 336
1236 580
1665 605
50 339
1876 7
1560 1080
1310 165
1872 1947
818 1373
1285 1741
1559 162
1604 999
278 536
562 1522
638 318
411 283
523 1098
1812 1761
548 745
1321 1987
171 1797
550 1041
1141 570
360 1097
1514 1251
1703 1545
1899 531
1422 793
1769 1585
520 356
904 1395
284 1942
185 885
1321 118
116 1879
599 571
1436 1518
737 1284
317 1300
1071 462
792 1713
650 326
343 431
974 1073
629 158
965 523
697 1878
1742 1516
1061 641
1979 1775
1685 867
1340 1131
647 315
1944 560
938 24
1806 916
727 1841
1395 964
1635 1604
1652 1654
1861 904
409 1680
1184 305
327 1278
1066 405
368 1292
278 1631
269 232
1630 1640
1971 218
1645 1912
811 1641
1148 487
530 1510
1913 1833
127 1172
1518 408
1404 1945
230 1215
825 475
212 1713
1457 1870
1653 1026
1215 1056
578 1251
552 776
556 1831
788 1527
140 484
223 1002
501 367
896 1850
309 673
1481 1314
1200 216
1459 1843
1791 90
852 1716
1718 24
431 303
1844 1745
413 1471
406 1517
749 1084
1841 1085
1189 381
106 186
1748 1130
1380 911
493 139
1520 1330
708 1881
1370 149
1309 1997
867 466
1314 1333
828 1245
526 1532
1571 1903
1028 1304
1960 130
760 1190
1186 1028
1495 1365
824 327
313 1697
241 1324
1054 1035
278 1358
1521 1695
1366 1095
1797 1230
1789 283
743 978
1379 1418
697 785
946 473
448 1672
1154 770
165 29
1671 1909
1998 195
1297 1526
1271 568
386 239
255 1087
1404 1104
1330 1866
489 1971
751 1762
1440 315
707 422
1752 1755
1859 366
348 297
1420 1246
326 697
668 1763
1670 1812
1864 1122
1406 1320
910 775
788 766
1325 1111
621 816
43 1598
27 673
670 1648
1591 1836
297 1808
220 55
823 1044
1296 361
330 1782
563 20
866 1249
843 994
1875 1698
1802 80
1550 1241
1651 1380
466 1095
1073 1940
1041 462
840 765
1276 405
1966 1934
1759 312
91 635
469 1015
1996 348
1749 1176
1752 1212
990 717
1414 1349
1017 1401
1375 1189
884 457
951 1177
1656 711
1953 1701
1506 698
881 1109
1845 1366
1055 1781
138 223
1457 1927
1957 1444
1810 1049
527 786
848 161
998 1397
351 1785
775 754
19 1203
776 154
1744 510
1646 589
1225 1150
1291 576
1061 1853
1062 1899
773 978
1029 180
1677 1407
113 96
1799 127
1822 314
1786 1755
185 851
287 992