100
403 1568
25 1594
1900 206
1779 1182
206 33
1813 1425
1585 1469
1584 394
110 603
906 633
566 1154
1916 1091
188 1014
161 958
963 976
16 251
1506 178
1876 1816
1287 1686
1056 68
1977 1954
925 493
1012 1519
1448 83
1429 1392
236 1074
1393 479
473 1673
1336 1258
1148 1516
1523 692
844 1833
1193 1258
1237 1870
1227 939
532 1009
1186 11
1956 1228
1567 1342
489 576
1881 663
323 16
749 1550
1576 1745
974 57
1544 1620
613 1852
1089 646
244 1149
349 1136
498 754
909 1511
1903 756
51 1929
1093 1234
351 1256
883 873
268 1783
1319 1491
1089 1061
293 968
513 515
1413 806
337 530
1161 893
1195 797
1966 1588
225 1313
339 1462
1391 100
1522 1834
1223 671
1722 533
1039 1963
475 639
1440 1766
515 1056
906 1405
1043 1668
353 1487
1359 39
1294 854
1429 338
118 1242
251 1074
339 778
238 1856
304 923
1912 789
420 1020
780 733
798 1375
662 911
33 1726
645 419
500 497
798 1069
1934 1201
1888 301
933 277